5,3
5,2
5,1
4,3
4,2
4,1
3,3
3,2
3,1
0,0
0,484
96,34
96,33
96,32
96,31
96,30
96,29
96,28
96,27
96,26
96,25
96,24
96,23
96,22
96,21
96,20
96,19
96,18
96,17
96,16
96,15
96,14
96,13
96,12
96,11
96,10
96,9
96,8
96,7
96,6
96,5
96,4
96,3
96,2
96,0
0,308
0,307
0,304
0,303
0,12
0,441
0,10
0,8
0,564
0,551
0,300
0,510
0,393
0,299
0,563
0,550
0,298
0,509
0,485
0,297
0,570
0,549
0,296
0,508
0,573
0,295
0,566
0,528
0,294
0,507
0,465
0,293
0,548
0,527
0,292
0,554
0,482
0,291
0,547
0,526
0,290
0,562
0,525
0,289
0,561
0,524
0,288
0,523
0,488
0,287
0,568
0,522
0,286
0,521
0,464
0,285
0,553
0,546
0,284
0,545
0,479
0,283
0,552
0,544
